8: [-1.357, -4.236, -2.134, -0.321, -1.0]
3: [-2.799, -0.944, -4.104, -3.76, 0.0]
1: [-5.456, -11.648, -0.796, 0.316, -1.0]
6: [-4.811, -7.042, -9.143, 3.026, -2.0]
1: [-6.944, -5.473, -9.227, 1.281, -1.0]
13: [-6.568, -6.297, -8.442, 2.026, 0.0]
5: [-7.394, -3.336, -9.728, 0.562, 1.0]
2: [-8.114, -10.094, -3.887, 1.185, 2.0]
29: [-8.894, -6.862, -7.169, -1.915, 3.0]
9: [-9.593, -10.239, -3.048, -0.411, 4.0]
56: [-10.113, -6.976, -6.138, 0.574, 3.0]
2: [-14.261, 0.147, -6.221, -5.843, 4.0]
13: [-16.139, -6.44, -1.372, -5.865, 5.0]
6: [-16.844, -0.942, -9.709, -2.993, 4.0]
1: [-16.285, -1.252, -9.526, -2.547, 5.0]
38: [-17.153, -11.495, -8.035, 1.461, 4.0]
34: [-19.206, -7.656, -8.83, 0.248, 5.0]
7: [-17.188, -5.858, -11.789, 0.458, 6.0]
11: [-19.195, -12.577, -2.772, 0.558, 7.0]
6: [-17.745, -8.97, -6.828, -1.039, 8.0]
16: [-16.841, -5.6, -11.327, -4.736, 9.0]
13: [-18.523, -12.412, -4.187, -3.403, 10.0]
21: [-17.303, -10.314, -7.382, -3.275, 11.0]
13: [-15.813, -6.885, -11.413, -4.701, 12.0]
8: [-17.653, -15.973, -2.172, -4.805, 13.0]
5: [-18.143, -13.128, -5.815, -7.905, 14.0]
21: [-16.825, -11.226, -9.126, -7.84, 15.0]
2: [-17.154, -6.771, -13.698, -6.852, 14.0]
3: [-17.124, -7.822, -12.296, -6.078, 15.0]
6: [-14.476, -17.96, -10.965, -0.607, 14.0]
23: [-18.05, -14.016, -11.044, -2.727, 15.0]
9: [-16.842, -9.941, -15.807, -5.34, 16.0]
5: [-20.434, -16.17, -5.568, -6.495, 17.0]
46: [-22.882, -9.852, -13.532, -6.701, 16.0]
3: [-21.582, -20.12, -10.579, -0.837, 15.0]
7: [-22.512, -16.323, -15.222, -0.541, 14.0]
7: [-20.832, -12.116, -19.761, -2.934, 15.0]
2: [-23.746, -21.587, -9.995, -3.536, 16.0]
6: [-23.272, -18.227, -14.501, -7.58, 17.0]
2: [-23.602, -13.771, -19.073, -6.591, 16.0]
4: [-28.079, -26.802, -1.989, -9.625, 17.0]
8: [-28.65, -26.777, -3.231, -9.063, 16.0]
8: [-29.22, -26.752, -4.474, -8.501, 15.0]
2: [-29.924, -23.795, -8.068, -11.647, 16.0]
10: [-31.871, -19.021, -16.595, -9.78, 15.0]
16: [-29.677, -14.471, -21.571, -12.505, 16.0]
27: [-31.209, -19.568, -14.893, -12.33, 17.0]
28: [-30.154, -18.382, -17.534, -12.22, 18.0]
25: [-29.367, -27.948, -13.748, -4.717, 17.0]
74: [-27.634, -23.994, -18.489, -7.218, 18.0]
54: [-28.154, -20.731, -21.578, -6.233, 17.0]
14: [-25.762, -16.174, -26.567, -9.132, 18.0]
13: [-28.992, -23.388, -14.924, -10.078, 19.0]
80: [-29.512, -20.124, -18.013, -9.093, 18.0]
20: [-28.16, -19.065, -20.357, -8.693, 19.0]
29: [-26.129, -17.213, -23.369, -8.69, 20.0]
5: [-26.828, -20.59, -19.248, -7.186, 21.0]
158: [-25.247, -19.721, -21.562, -6.362, 22.0]
1: [-25.766, -16.457, -24.651, -5.377, 21.0]
5: [-29.462, -30.135, -7.072, -7.995, 22.0]
56: [-30.826, -25.359, -15.49, -6.112, 21.0]
99: [-29.337, -21.931, -19.521, -7.537, 22.0]
56: [-27.319, -20.132, -22.479, -7.328, 23.0]
89: [-25.288, -18.28, -25.491, -7.325, 24.0]
22: [-28.238, -26.553, -15.227, -6.162, 25.0]
43: [-32.386, -19.431, -15.31, -12.579, 26.0]
20: [-30.598, -14.651, -20.446, -15.815, 27.0]
7: [-31.258, -17.877, -16.64, -14.631, 28.0]
20: [-28.866, -13.32, -21.629, -17.53, 29.0]
33: [-28.588, -21.509, -18.495, -15.003, 28.0]
4: [-29.518, -17.711, -23.138, -14.707, 27.0]
10: [-32.749, -24.925, -11.495, -15.653, 28.0]
45: [-31.016, -20.971, -16.236, -18.155, 29.0]
6: [-28.317, -33.169, -16.913, -9.606, 28.0]
8: [-27.672, -28.563, -25.26, -6.897, 27.0]
15: [-28.191, -25.299, -28.349, -5.912, 26.0]
12: [-28.521, -20.844, -32.921, -4.923, 25.0]
2: [-31.79, -33.585, -17.364, -5.065, 26.0]
116: [-33.132, -29.163, -25.454, -3.33, 25.0]
61: [-39.64, -20.393, -25.222, -7.267, 26.0]
41: [-37.446, -15.843, -30.198, -9.992, 27.0]
5: [-40.804, -23.083, -18.756, -10.563, 28.0]
12: [-38.773, -21.231, -21.768, -10.56, 29.0]
1: [-37.986, -30.798, -17.981, -3.057, 28.0]
118: [-36.922, -27.102, -22.141, -4.995, 29.0]
12: [-37.442, -23.839, -25.23, -4.01, 28.0]
9: [-35.709, -19.884, -29.972, -6.512, 29.0]
16: [-39.3, -26.113, -19.733, -7.666, 30.0]
49: [-39.82, -22.849, -22.822, -6.681, 29.0]
9: [-38.032, -18.069, -27.958, -9.917, 30.0]
1: [-39.565, -23.166, -21.28, -9.742, 31.0]
3: [-37.974, -20.954, -24.399, -9.859, 32.0]
4: [-38.303, -16.499, -28.971, -8.871, 31.0]
18: [-42.054, -29.957, -11.377, -11.648, 32.0]
9: [-44.001, -25.183, -19.904, -9.781, 31.0]
22: [-41.61, -20.627, -24.893, -12.68, 32.0]
6: [-41.939, -16.172, -29.465, -11.691, 31.0]
8: [-45.327, -24.387, -19.133, -10.709, 32.0]
77: [-46.033, -18.889, -27.47, -7.837, 31.0]
98: [-44.175, -26.775, -25.806, -5.999, 30.0]
137: [-44.694, -23.511, -28.895, -5.014, 29.0]
5: [-43.014, -19.305, -33.435, -7.407, 30.0]
2: [-45.853, -25.935, -22.95, -7.828, 31.0]
23: [-46.373, -22.671, -26.04, -6.843, 30.0]
7: [-44.355, -20.873, -28.998, -6.634, 31.0]
26: [-42.497, -28.759, -27.334, -4.795, 30.0]
97: [-41.047, -25.152, -31.389, -6.392, 31.0]
51: [-44.133, -31.789, -20.849, -7.284, 32.0]
1: [-45.063, -27.991, -25.492, -6.988, 31.0]
10: [-43.711, -26.932, -27.835, -6.588, 32.0]
7: [-41.517, -22.382, -32.811, -9.313, 33.0]
31: [-40.73, -31.948, -29.025, -1.81, 32.0]
52: [-39.502, -27.917, -33.668, -5.722, 33.0]
4: [-40.021, -24.654, -36.758, -4.738, 32.0]
17: [-43.623, -31.193, -26.234, -5.227, 33.0]
31: [-43.952, -26.737, -30.806, -4.238, 32.0]
27: [-44.471, -23.474, -33.896, -3.253, 31.0]
31: [-48.077, -29.448, -23.804, -4.082, 32.0]
60: [-46.486, -27.236, -26.922, -4.199, 33.0]
45: [-44.806, -23.029, -31.462, -6.592, 34.0]
4: [-42.415, -18.473, -36.451, -9.491, 35.0]
47: [-47.148, -24.652, -25.063, -10.565, 36.0]
7: [-46.361, -34.218, -21.276, -3.062, 35.0]
11: [-44.33, -32.366, -24.288, -3.059, 36.0]
171: [-43.685, -27.76, -32.635, -0.349, 35.0]
1: [-41.898, -22.98, -37.772, -3.585, 36.0]
6: [-43.58, -29.792, -30.632, -2.253, 37.0]
10: [-43.909, -25.337, -35.204, -1.264, 36.0]
19: [-47.729, -38.392, -18.245, -3.569, 37.0]
42: [-48.555, -35.431, -19.532, -5.034, 38.0]
10: [-49.075, -32.167, -22.621, -4.049, 37.0]
70: [-49.594, -28.904, -25.711, -3.064, 36.0]
22: [-48.086, -26.944, -28.769, -3.186, 37.0]
27: [-46.353, -22.99, -33.51, -5.688, 38.0]
7: [-47.742, -27.867, -27.033, -5.346, 39.0]
2: [-47.581, -21.405, -35.39, -3.825, 38.0]
9: [-51.87, -29.268, -23.551, -5.723, 39.0]
33: [-50.975, -24.494, -28.395, -11.313, 40.0]
25: [-49.116, -32.38, -26.73, -9.475, 39.0]
68: [-47.098, -30.582, -29.688, -9.265, 40.0]
49: [-47.618, -27.319, -32.778, -8.28, 39.0]
2: [-46.831, -36.885, -28.991, -0.777, 38.0]
3: [-45.241, -34.673, -32.109, -0.894, 39.0]
11: [-45.57, -30.218, -36.681, 0.095, 38.0]
4: [-49.168, -43.877, -19.076, -2.398, 39.0]
1: [-48.524, -39.271, -27.423, 0.312, 38.0]
4: [-48.363, -32.809, -35.78, 1.834, 37.0]
25: [-46.332, -30.957, -38.792, 1.837, 38.0]
9: [-50.709, -36.473, -27.853, 1.428, 39.0]
49: [-51.228, -33.21, -30.943, 2.413, 38.0]
90: [-50.547, -28.36, -36.156, -3.691, 39.0]
19: [-48.352, -23.809, -41.132, -6.416, 40.0]
14: [-49.914, -26.021, -36.873, -6.137, 41.0]
76: [-51.303, -30.899, -30.396, -5.795, 42.0]
154: [-49.285, -29.101, -33.354, -5.585, 43.0]
17: [-46.894, -24.544, -38.343, -8.484, 44.0]
81: [-50.252, -31.784, -26.901, -9.055, 45.0]
162: [-50.771, -28.521, -29.99, -8.07, 44.0]
83: [-51.291, -25.258, -33.08, -7.085, 43.0]
36: [-49.433, -33.144, -31.415, -5.247, 42.0]
109: [-47.842, -30.932, -34.534, -5.364, 43.0]
67: [-45.824, -29.134, -37.492, -5.154, 44.0]
7: [-46.344, -25.87, -40.581, -4.169, 43.0]
29: [-48.341, -35.37, -30.899, -4.298, 44.0]
35: [-45.949, -30.814, -35.888, -7.197, 45.0]
9: [-46.468, -27.551, -38.978, -6.212, 44.0]
23: [-50.289, -40.606, -22.019, -8.517, 45.0]
4: [-48.781, -38.646, -25.078, -8.639, 46.0]
80: [-47.717, -34.95, -29.237, -10.577, 47.0]
9: [-47.556, -28.488, -37.594, -9.056, 46.0]
23: [-48.076, -25.225, -40.684, -8.071, 45.0]
66: [-51.674, -38.884, -23.079, -10.564, 46.0]
15: [-51.029, -34.278, -31.426, -7.854, 45.0]
1: [-49.579, -30.671, -35.481, -9.45, 46.0]
17: [-49.909, -26.216, -40.053, -8.461, 45.0]
99: [-49.122, -35.782, -36.267, -0.958, 44.0]
178: [-49.641, -32.519, -39.356, 0.027, 43.0]
29: [-52.872, -39.732, -27.713, -0.919, 44.0]
21: [-51.553, -37.831, -31.024, -0.854, 45.0]
69: [-50.345, -33.756, -35.787, -3.467, 46.0]
117: [-50.865, -30.493, -38.877, -2.482, 45.0]
2: [-53.951, -37.129, -28.336, -3.374, 46.0]
156: [-53.214, -32.277, -33.135, -9.04, 47.0]
192: [-53.733, -29.013, -36.224, -8.055, 46.0]
13: [-54.253, -25.75, -39.314, -7.07, 45.0]
93: [-55.642, -30.627, -32.837, -6.728, 46.0]
56: [-53.447, -26.077, -37.813, -9.454, 47.0]
27: [-52.66, -35.643, -34.026, -1.95, 46.0]
108: [-51.07, -33.431, -37.144, -2.068, 47.0]
23: [-51.589, -30.168, -40.234, -1.083, 46.0]
25: [-49.395, -25.618, -45.21, -3.808, 47.0]
158: [-51.629, -32.649, -37.716, -3.195, 48.0]
49: [-52.149, -29.386, -40.806, -2.21, 47.0]
19: [-55.291, -42.422, -25.128, -2.871, 48.0]
76: [-54.387, -39.051, -29.627, -6.568, 49.0]
58: [-53.323, -35.356, -33.786, -8.506, 50.0]
44: [-51.873, -31.749, -37.842, -10.102, 51.0]
24: [-52.202, -27.294, -42.414, -9.114, 50.0]
37: [-53.87, -34.447, -34.521, -8.146, 51.0]
17: [-52.19, -30.241, -39.061, -10.539, 52.0]
10: [-51.403, -39.807, -35.274, -3.036, 51.0]
85: [-49.385, -38.009, -38.232, -2.826, 52.0]
59: [-49.905, -34.745, -41.322, -1.841, 51.0]
29: [-50.424, -31.482, -44.411, -0.856, 50.0]
17: [-51.957, -36.579, -37.733, -0.681, 51.0]
19: [-52.286, -32.123, -42.305, 0.308, 50.0]
11: [-49.894, -27.567, -47.294, -2.591, 51.0]
9: [-54.38, -40.856, -29.985, -5.81, 52.0]
113: [-53.485, -36.082, -34.828, -11.401, 53.0]
51: [-51.895, -33.87, -37.947, -11.518, 54.0]
22: [-52.414, -30.607, -41.036, -10.534, 53.0]
29: [-52.934, -27.343, -44.126, -9.549, 52.0]
41: [-51.634, -37.611, -41.173, -3.685, 51.0]
9: [-49.439, -33.061, -46.149, -6.41, 52.0]
71: [-50.097, -35.863, -42.437, -5.413, 53.0]
8: [-50.617, -32.599, -45.527, -4.428, 52.0]
19: [-54.313, -46.277, -27.947, -7.046, 53.0]
7: [-56.318, -39.413, -36.079, -6.806, 52.0]
415: [-53.926, -34.857, -41.068, -9.705, 53.0]
8: [-54.446, -31.594, -44.157, -8.72, 52.0]
87: [-55.834, -36.471, -37.68, -8.378, 53.0]
154: [-53.817, -34.673, -40.638, -8.168, 54.0]
8: [-54.336, -31.409, -43.728, -7.183, 53.0]
36: [-58.086, -44.868, -26.134, -9.96, 54.0]
23: [-56.829, -39.995, -31.42, -15.834, 55.0]
28: [-57.158, -35.54, -35.992, -14.846, 54.0]
10: [-57.678, -32.276, -39.082, -13.861, 53.0]
53: [-55.03, -42.414, -37.751, -8.39, 52.0]
23: [-55.549, -39.151, -40.84, -7.405, 51.0]
60: [-53.762, -34.371, -45.976, -10.641, 52.0]
82: [-56.601, -41.001, -35.492, -11.062, 53.0]
9: [-55.956, -36.394, -43.839, -8.352, 52.0]
51: [-59.187, -43.608, -32.195, -9.299, 53.0]
45: [-58.292, -38.834, -37.038, -14.889, 54.0]
78: [-56.701, -36.622, -40.157, -15.007, 55.0]
13: [-54.31, -32.065, -45.145, -17.905, 56.0]
4: [-54.829, -28.802, -48.235, -16.921, 55.0]
210: [-56.361, -33.899, -41.557, -16.746, 56.0]
69: [-55.061, -44.167, -38.604, -10.882, 55.0]
24: [-52.867, -39.616, -43.58, -13.607, 56.0]
